DataByDigit {
    zero: 4738,
    one: 5393,
    two: 4766,
    three: 4904,
    four: 4673,
    five: 4336,
    six: 4734,
    seven: 5012,
    eight: 4680,
    nine: 4759,
}
train: n=47995; split: every fifth per class
validation: n=12005, accuracy=0.8063
test: n=10000, accuracy=0.8209
Матрица ошибок: строки — истинные цифры, столбцы — прогнозы 0..9
[878, 0, 7, 2, 2, 58, 25, 1, 7, 0]
[0, 1092, 9, 3, 0, 7, 3, 0, 21, 0]
[19, 73, 779, 33, 31, 3, 23, 18, 50, 3]
[4, 24, 25, 815, 1, 49, 8, 14, 55, 15]
[1, 22, 2, 0, 813, 2, 16, 1, 9, 116]
[11, 63, 2, 113, 21, 616, 27, 9, 13, 17]
[18, 27, 22, 0, 31, 32, 827, 0, 1, 0]
[2, 59, 22, 1, 20, 2, 0, 852, 13, 57]
[14, 38, 9, 83, 12, 34, 13, 10, 724, 37]
[15, 21, 7, 10, 86, 10, 1, 29, 17, 813]
